327799
991150
190832
-728202
241554
935545
320780
-65645.3
272622
-741264
683523
-897336
-763665
-753533
-772210
513413
173864
22431.1
841365
-272805
732292
658071
-728202
-384625
954894
51606.8
-260598
-227821
-705802
139378
-446760
-84444.7
660146
-998596
-955504
338298
-684500
-575671
127842
-526902
432234
-516526
804865
-367168
-880551
707327
920835
989319
738029
386090
-511460
852718
-689077
-412091
890683
314737
-154393
-555773
273171
-683035
-622364
-733207
-556505
207801
550462
-939756
-415571
850093
542100
-9308.15
97079.4
-658071
-847652
-625843
-114536
-585986
862850
-252297
394696
563890
681753
583728
715812
-7965.33
586413
212745
69307.5
401044
376263
514756
-19623.4
720511
-251686
-57161.2
-542344
-180212
-592517
-558275
-511216
272378
25177.8
822504
164464
232765
857418
157872
744255
489731
836055
-241310
-23896
757256
-55085.9
-704520
982482
266762
-306192
-373333
25055.7
722465
502426
-103549
-538926
682363
807062
-535203
203650
-572314
-297586
-767937
-1678.52
-616993
-68636.1
-79744.9
828547
-850093
-965819
-125950
-237526
215857
-528855
-56001.5
554247
-598132
-470016
14191.1
310648
110996
-168981
736503
537706
439619
-757927
-964965
877865
-785211
-982788
942564
851924
20294.8
968993
330363
-83712.3
272500
489669
-903073
-849727
-589648
231971
-625233
884152
-739128
-737114
-680288
-419294
642872
-497971
-955138
284768
-728629
258217
261452
-50508.1
-974425
676016
189062
-44160.3
-357402
904782
-701651
-864803
898984
-196692
-552110
-391705
343547
-8514.66
-21942.8
753349
643422
62654.5
324625
-384625
-394269
768365
714469
-930235
937681
988342
-494736
51789.9
806879
298196
733207
-834773
266213
-53010.7
429060
-17365
602954
-942015
-732841
-650929
-322611
-135899
108676
-997375
311441
790948
1556.44
-176366
791009
-799554
-799371
-974853
543931
607166
769280
-402020
-943785
178930
-674490
321207
-910886
-663869
496078
-347758
259438
-739250
-361553
-191687
45503.1
127903
-603626
351482
281838
-127476
649159
-409894
204077
-695608
418012
-890255
107517
-617786
-707633
-255104
681387
-538621
-62227.2
304605
81209.8
326212
-751640
-635060
-197729
819941
-293191
-559740
-584033
-114597
513047
-154515
-767571
827754
45808.3
-437361
951109
-387616
218177
423811
-638234
11017.2
290323
-77181.3
-840144
-592700
701895
-31708.7
-63448
75777.5
486190
891171
-592456
-254921
828974
-982482
-57222.2
259743
334635
-878414
458968
151463
561144
69246.5
738639
-66560.9
-612232
965697
236427
-70284.1
777215
119541
437422
-547838
494003
136204
827509
-862484
343730
-548204
-459578
-742607
493027
-378094
742851
-186926
434980
675954
-180212
-771722
161229
-148900
424116
-548143
103427
17181.9
451094
283364
-592761
-894223
-998413
733390
-899838
855525
-603809
231971
-282937
186010
302164
-502853
-55085.9
-485763
36408.6
-124119
-150609
-676565
107028
970153
-753471
-700430
-945128
-639088
780877
-654103
659474
242409
273415
789422
-430403
778436
-98483.2
-908933
422895
994385
773553
372356
-483932
-983215
460005
-929197
-911679
473067
45014.8
-963134
-719474
863338
258950
-614978
-167394
718619
-743645
-589526
582202
355327
-399701
-114109
825739
40986.4
-983337
-951476
606372
381939
480453
591906
-10895.1
746574
196142
-26581.6
-612598
535813
-964232
351604
-997009
-885556
-3875.85
463729
441206
-785577
-762200
-241737
564684
-376507
-730399
-906858
648183
-28229.6
-161229
313395
896054
-571764
-908322
-980407
-613880
119846
566454
-158971
-498581
-913999
579455
524400
912961
-419599
-430158
151952
175390
-466720
-37324.1
-199011
-640.889
-13763.8
114658
957274
-739250
-687796
904050
-5523.85
812067
32990.5
528001
33051.5
-843989
47212.1
69185.5
490280
-953978
-919492
-605701
-365947
-926328
171484
-52583.4
453475
-692068
-995422
274.667
-842219
-952513
903867
921934
617603
-251503
298502
30427
58748.1
-809259
474776
589709
-676016
-54719.7
424299
512253
-987732
203894
603442
332438
810663
35859.2
414838
11444.4
-671194
-867855
-775811
-863582
-248634
-899594
-275063
77486.5
617847
373760
-537156
663198
44831.7
794549
-666799
-61128.6
701895
-62654.5
863521
-430708
-146397
232032
-906613
448225
-219153
950194
865108
-922727
893246
117771
-663869
-722343
845759
415571
527757
-204505
-28656.9
130589
720389
-635487
342998
-779107
509690
-211341
776605
-444075
335063
606067
-911740
-604541
-706595
-101901
-82125.3
-831172
50569.2
805170
-569018
618091
-337382
312052
-786798
366497
-879696
-134556
667714
-24750.5
-571642
385968
229102
-448653
-967589
-763176
706778
968505
406171
-287149
-930845
-236244
611194
610645
-17853.3
-227393
-358074
443709
-586352
-435224
-631520
-135228
-382550
743278
889157
857479
-191809
-830866
-894223
259560
-159886
-825129
334819
181738
-797174
-172033
-234840
882443
645314
-691702
576647
662832
741508
461348
-468795
343608
710135
-411176
849116
886288
-199438
-458480
-817438
-278603
557665
-826167
-499802
346904
278176
225623
693411
757439
-29084.1
-309183
718253
-730766
-866695
738273
84994
-698233
-342936
244850
-492172
-321879
-825129
4608.29
527268
8758.81
-838618
-323344
917173
-281472
100497
533067
-309610
281716
-968749
70528.3
-486129
-773980
-214148
547960
-653493
-531236
-769463
-488205
-887814
547533
-176183
-627369
-779107
-692129
-196875
94882
749199
610828
-686880
62166.2
-906125
-377972
-212439
-818903
911191
245643
897885
-714042
-847652
-735038
380657
-93661.3
10834.1
753410
-943724
460921
591052
316141
351848
939085
-886898
-272134
639943
133885
464522
-473800
-293008
-512070
912412
125462
-337382
-385174
788446
-987854
-397198
-440352
958617
585253
339763
-140599
-108860
202918
510544
-532945
-866085
999573
377117
-398297
15350.8
-965697
630238
586474
-620472
-665761
509934
737419
-830256
394757
554735
-634205
-328166
-301004
292276
956236
-769707
-179785
183874
582446
249367
-332499
135594
-375164
291971
439741
-111789
-149266
88900.4
847957
-401654
920042
-729667
-829340
-76326.8
-619861
-367290
703177
-75411.2
210913
753166
164037
94882
982971
-235633
-378887
833308
-307901
101718
-500229
-330241
331828
-964232
-764824
-442671
-733512
802667
-867855
-456465
468062
-856258
-5706.96
132664
678152
69368.6
85055.1
652516
559008
656301
-16571.6
937071
894833
693716
897031
638417
-93783.4
989257
993896
479659
741020
-852718
-682974
762261
-797113
633045
-156590
-560533
780877
-66560.9
-750481
-931333
-957945
-370891
947020
955138
450667
188330
949828
-200293
-325785
296487
136509
-836909
441877
532884
469161
-941160
14984.6
208228
-268349
-12421
333964
174169
350566
725517
-96774.2
-581652
859920
178991
-522996
257057
-426496
618519
-391400
-62105.2
-973266
603320
-875179
-534471
749870
910642
589648
-538072
936399
-219031
-182470
-125278
568529
792352
-498764
-654225
561693
-323954
14374.2
-948057
-508591
-613880
-547288
831782
464705
-264626
-23407.7
408795
698355
910337
515671
-474166
366924
-822687
900449
-198035
282449
93234
-518601
123936
969420
-468734
-700491
385784
695547
-162633
869320
-611438
-976562
-573656
638173
-287149
-556688
-866756
-815973
-624256
-349345
-369488
213660
-913694
-969237
-776238
423994
910947
-86764.1
339885
-710440
-839106
157628
17853.3
838496
-683950
-365520
717399
478256
-205054
163244
754936
936094
386090
-531053
682363
373821
151402
722343
918699
742119
615162
222816
948973
-565233
-950011
790094
-598682
306558
-326273
-575915
-684133
-883053
-431684
797601
-82491.5
-538072
-865413
-856868
-795099
256508
-106235
97018.3
668630
830988
-550035
-937193
450301
702322
424787
-342998
256447
84444.7
-822504
798944
337687
199011
-877499
7904.29
-152379
-550829
457320
-529771
893063
519944
-887448
437300
-412458
465682
738273
519272
422163
849666
536363
-565050
-735649
-4120
754631
-217933
-700858
417096
652577
388531
-776788
-518906
752678
809137
6073.18
377972
189184
528611
-469955
-550035
967223
-565050
-578539
948057
-55513.2
-875973
-614124
-724113
348125
-400800
-640248
-214515
-361003
927549
790887
185156
-463179
416303
-639760
-375958
-983093
870540
458235
-485397
93173
496078
-273782
-844295
-802301
8819.85
-21698.7
219520
-28412.7
-485885
813715
-836482
277505
717826
232948
-368633
-752129
-968078
571032
-95675.5
-819086
-862300
59053.3
-534288
95980.7
567431
327433
-258217
-237465
869076
-836970
-920103
-986145
915036
832514
-971129
-841670
-82186.3
-715262
-19013
-699087
715995
544908
-758843
387432
890866
-388409
-416547
-216102
278970
171606
-640980
-796564
441023
442488
217078
-206214
650197
-543016
-498886
-803583
-37202.1
-898129
-615345
392254
-66438.8
221961
-193457
-856197
-462630
104160
-729911
-151708
861324
-347453
568102
612720
-872005
-432722
-504196
-635365
-385907
-160253
-385052
-189245
-974670
-122898
-869137
-945433
-108554
-432112
945616
-311747
-457198
601428
-51240.6
168249
231910
353984
610218
289468
-38300.7
-346232
934874
-430708
583483
736930
-155980
-645863
726737
707938
44770.7
461531
123875
816218
-550096
-830805
891354
861629
-788263
-634693
330912
-958678
-568957
-329814
812738
550768
604785
-655690
-697317
-749382
-126011
-207007
97506.6
-286599
136021
-518052
-671804
-39521.5
-918760
-924802
796869
203894
219092
608081
-292947
-95797.6
954283
-492172
-148228
456954
-223487
-724906
820551
-178747
-373882
-363140
788629
401593
-502304
-14618.4
-548814
496384
-655507
914731
664052
625355
346660
-333048
-646168
-951659
-395611
301798
260720
-211829
-679983
400494
-924802
-530625
-469283
-881771
-467635
286660
454512
395978
-975158
-585986
-488388
145360
299173
168126
-914975
-781121
-204932
-761895
80843.5
977233
193091
-705679
-647511
-732841
-268838
-711844
50630.2
-377850
-146764
-243934
961364
-502487
-247719
-559984
-105197
354289
-629078
536851
-812372
-597949
-578967
888424
381146
-184668
-14557.3
426923
136937
-765252
264382
185400
454573
-634083
-971191
-812311
-748405
488327
343547
-470016
369793
-312784
121677
965575
-930723
620411
74556.7
-693106
74190.5
-367473
618091
-44099.2
230384
30243.8
-701468
875790
840510
-671072
301065
317179
-264260
-714530
-398114
-389874
149693
-471480
-671926
335246
454695
598437
-113315
186438
-176000
-789605
-574023
837092
-117222
-447310
-808954
123142
-590747
-567980
336711
-145054
149571
-920164
759453
-429975
808222
-569323
-487838
-459395
-723441
-314005
-637257
-653188
162938
975341
-940001
-670766
-315226
-71932.1
-131016
-767449
987976
967650
-61433.8
-646596
-47151.1
-859310
-936766
504563
552843
294290
-597705
107517
-175390
412763
718314
727531
-484848
927915
-302652
361309
466964
-186316
-85360.3
792474
803278
-721061
6378.37
-675588
-22309
-129795
611194
206030
-251137
-202857
-355876
-939879
143468
-706961
464949
629322
-529710
823237
502976
-850337
447371
953185
902158
-333048
-495041
690054
747734
-394024
-673208
108493
437788
906491
-307718
74739.8
-238624
38117.6
681448
880612
-753471
206885
-693533
599963
340190
-934935
-369182
981017
982665
238075
-560595
-314676
139073
-20111.7
-477767
687979
-149510
-730155
633473
-350688
366924
663808
188818
72908.7
924802
210852
-235939
-939512
-268166
-249855
-543260
477157
-279092
-102268
172948
339396
-363506
-961425
-96346.9
238136
-984741
634205
-949461
-390301
623646
159215
866268
666433
915525
-19989.6
69124.4
800348
71016.6
-513657
-302164
271889
180883
790155
-734733
-3631.7
-863094
-697317
276650
-759514
792657
-496261
173070
41291.5
955565
-786309
763298
160741
-225806
683340
206580
-612171
82186.3
-188757
608570
-999634
261635
-196265
292947
-799799
-811396
587817
811518
332804
-176366
291177
-245094
705252
-991638
100681
-573107
813715
32441.2
812433
443953
794061
-467940
385784
323466
907529
-716605
813715
122776
-126316
452681
-378033
-808771
864193
865963
309915
-901669
-31403.5
860958
-955138
799799
945677
283364
-76448.9
104648
-927793
190527
111240
-494369
-97750.8
-176366
-826167
-564684
-251442
413495
-87313.5
-989563
-300455
379315
-984008
-673025
-16205.3
-514451
839900
-631336
494613
517991
629872
-408734
287637
41413.6
496750
-754814
-137181
802728
459151
498459
-954894
-660085
-135716
-576586
274392
-637928
-499252
909482
118259
459700
-285134
-436934
820673
710868
843562
-340495
697134
743950
-723930
207678
-809015
-180151
-542589
190283
-598132
-503647
-855037
42756.4
-100681
-563280
232521
432905
634266
926084
452071
403485
760552
656056
268166
-58992.3
-821100
342936
275246
-967528
-383099
739372
-588061
273232
-944823
-396832
-695914
-912351
-684866
186071
-951048
626209
618580
-195776
-246193
-600024
932615
-946776
-859493
717215
-87679.7
-769585
-470687
-18524.7
-746269
526292
-486435
917234
269021
548265
639210
782586
497116
-261147
-600513
-366558
162023
-748711
-140049
-299417
291421
-156285
-776666
-57466.4
-692740
-643788
-350139
-162999
-97506.6
-667592
642811
-527207
-985473
347453
-686636
5401.78
709708
606189
837275
-462325
789361
-627186
414655
489547
932371
-204199
-953124
-481979
-815912
688894
442183
50813.3
606555
-167760
-638112
495285
900143
355937
722343
186193
811579
766839
-238807
133946
138768
183752
584033
636097
-853694
-658559
-598315
814753
203345
926695
-228004
142186
-543626
-190954
157445
-982727
-649525
728751
-888241
455184
-190100
3814.81
408490
-47212.1
891781
819452
-577136
-407453
724662
661733
-919797
-552965
-454878
458663
683523
346538
-355632
-9552.29
-67964.7
-927000
36896.9
-867977
-555773
41779.8
-334635
-509995
96713.2
534043
-47395.2
-3448.59
492355
-456832
513291
-977050
869503
-703848
839290
575426
765618
-486251
-230750
-865291
746818
-528733
-443525
703848
-483383
-77486.5
346721
623951
715812
-50202.9
-121677
-276162
726676
802057
218055
-637379
-206946
-216346
344523
930174
-230140
256630
391034
366741
813654
818781
362346
-735099
327189
-280313
-864742
-883908
470504
-421857
558092
263527
-449324
462081
459029
125278
-396832
394757
-621509
249489
-522813
-650685
835627
763421
-262917
-206091
-57344.3
-219886
692923
-150060
179968
324625
-127598
126560
-856990
341655
246864
292947
-924802
348491
-476791
451888
997620
294473
-184545
-624134
249367
190222
6744.59
670034
250893
68758.2
116367
922361
301675
-158849
-17853.3
905210
226112
609424
-427534
-109958
-320658
-1312.3
-760491
138035
926084
-928465
-773858
-371441
903989
-613025
739494
88900.4
-614734
-234046
-96774.2
387066
-951720
-672903
901608
350383
271340
354045
-373089
-927671
462508
-442671
143834
770257
736320
-706534
-717887
256264
-249001
-696524
-328532
-915952
-481491
533433
529405
433943
999023
-400678
516282
-201636
294046
-540330
-31159.4
-468673
-751213
856746
825373
323099
-721854
90243.2
-445601
-336894
226722
-314066
-599536
354534
-922727
-479598
-742058
-859432
319376
966185
-512986
508286
790033
-381756
-16937.8
-270791
800287
-834284
812983
201880
358928
-30121.8
729484
-843257
306619
912351
-121982
787713
-827692
74678.8
6683.55
871029
-434431
813349
492721
-64241.5
915586
790643
-501633
-952696
371075
526231
567492
-733573
672658
-970275
-23529.8
846858
810175
-921201
-848445
-766533
277871
-296670
-535081
-75899.5
739677
439741
-277749
-743461
-82796.7
917234
-345927
-815363
-487228
338420
-276162
-895688
-19867.5
417096
564562
793451
-44404.4
335612
356792
-472884
-838923
-716056
-538804
-568102
593677
-856197
616626
139744
810968
879269
17609.2
806330
128513
-802728
-416852
554369
-461409
-959777
-270363
-594531
164464
472640
959593
763115
62532.4
-474654
-420148
-491745
184668
-441023
-138768
771294
312540
709525
-48554.9
-558153
778191
-21698.7
-144932
-520188
781121
-470687
792169
-910825
-883663
-244240
248390
818232
124912
678640
28717.9
647084
679312
239967
-371929
-872677
-983337
-946654
230506
633778
-767449
173376
-350322
-207678
246559
-552477
-476180
-853267
-946348
-987487
-923704
-874813
-926572
-502121
755974
370891
-591418
-501572
67903.7
-502121
-172948
-120334
909238
335856
-721488
-523240
720145
-275063
759209
-248390
764885
-75777.5
336222
968383
-146519
696219
-854854
-548387
817560
-870968
172582
489242
52461.3
260048
635792
441633
-561266
561937
-226539
621204
954466
-644398
858455
503281
-708487
210547
-754143
832087
788934
-603870
-731071
183142
-5890.07
-553392
-205176
-454085
166478
901486
-746818
487899
-965819
283914
-50141.9
-536607
117832
-619129
478378
-170263
932859
-114475
41352.6
132237
382977
466109
-505173
221839
658620
322367
927488
-232826
-49836.7
293863
587573
723380
-708304
-419599
970397
320658
-155004
-861080
877682
134922
-61983.1
-181310
-737053
-197119
169530
296793
-326029
944090
-107089
877438
-894528
-147618
-608814
216468
74739.8
520188
-944212
-964843
-267983
556078
-117893
-116611
819025
-439741
593738
-982727
286966
519578
-292093
-547838
388165
-216102
-144383
-746513
51789.9
187780
666982
129429
-642201
878780
-463607
385540
921384
415021
579211
-693472
998962
695730
-908933
-974853
130711
285134
-174474
942625
129734
694449
398663
761895
-768426
182287
136570
-802911
216956
638417
-323832
420881
-681265
110813
-367962
-687246
727714
540574
-356975
-429304
507004
-734184
109470
-251564
730888
-141820
-65157
-718925
-342753
853389
583544
-438215
748772
-61311.7
-232459
130955
353435
160802
-925169
-957884
858516
-285440
851375
-534227
-871090
-122898
649403
-406537
-956236
648732
555101
-94027.5
-56978.1
663198
-292764
866939
-203589
930174
-679983
-895688
907895
972167
521897
-856258
967650
918760
323954
753899
-735588
119663
29023.1
968383
870113
-159093
-604724
845820
609607
604358
865902
30610.1
-371075
-264992
-822687
-822932
372539
-322184
660085
-700858
783929
646290
-458052
108615
-458846
165380
-431135
403912
-859676
-927671
253883
572619
638844
535997
68025.8
269082
871212
-341350
-115268
-669179
-49165.3
222755
991028
995788
-131626
143651
977111
-517930
1007.11
193152
-181982
994873
344218
-445967
-541429
220130
278359
769585
-784906
-629994
-316630
-349834
305887
-158483
213416
699271
-176916
-449690
-455916
-378582
-541307
3509.63
405011
-525071
-703299
172948
-790216
31403.5
-15839.1
-768365
96591.1
904904
-406293
-783746
-809198
13275.6
490402
-322306
903195
-66438.8
513962
-617542
-924253
-284890
-209021
-872494
787591
711539
-511826
730583
-366680
-4791.41
-181005
258827
287027
-83895.4
-382488
558824
-836543
-632618
790765
-851131
989807
-678640
-37751.4
538072
99459.8
196326
620167
-967406
261818
-381207
80965.6
-905942
-141026
142674
582812
-689993
223121
-512619
819575
-959288
-53987.2
858760
-770379
-195715
974425
-86092.7
-649648
462508
-697806
-66499.8
551683
269570
73702.2
-236610
461226
847468
-91341.9
88106.9
393414
-851375
262978
599292
94515.8
470199
637074
-379131
-882809
-419172
-555712
753899
-863887
-975768
-648183
103122
517441
659963
907102
648610
-545274
-494613
-738762
-676077
984313
-58320.9
-196081
-635792
190771
-655873
-480880
-514084
917966
-798029
-122288
461348
295267
788568
76509.9
650197
392865
-555589
438032
-949522
-680776
537156
782952
-568163
-928587
-841792
-412580
112766
452681
621815
738334
945433
368267
-173986
-301553
69673.8
-186621
540391
-105564
-335.704
-135716
681570
-860103
-396100
-13641.8
639576
906308
-456465
-29206.2
717765
253517
-270608
-187353
747856
-766167
361187
843318
-55757.3
-419599
-888424
428510
58198.8
-506333
17120.9
-454024
-104465
337870
638112
-445784
260781
60335.1
-948363
-534715
-611560
-854366
-761528
33661.9
-73946.3
-82125.3
426557
-25544
-470016
-997375
955077
622852
137303
-238197
219642
347270
-24445.3
513596
-737175
-970763
-626392
-649892
-429182
-77852.7
436079
-634693
640248
-799066
-357341
-894833
-123142
516404
-563463
53621
-611072
865352
-136631
-34577.5
-762932
-910031
323283
-140294
-295511
-681448
499008
-513657
148412
659963
522019
-923276
996643
-535508
-560289
192846
450789
-535875
45686.2
-513779
459395
103549
-864376
179968
-477462
375469
-747917
-914975
891720
472091
979308
-34760.6
-274331
565905
-148106
-938475
-232704
-968810
938902
-410321
-898984
-579516
-833735
-977660
-444441
506088
440596
-30427
-686270
701651
-365032
468856
-708609
-825312
501999
498032
848689
962951
-426191
523667
-604358
407147
-885800
896542
-544664
213111
-817316
-92501.6
-254433
454634
-124668
-683645
-156346
830622
-196631
-834590
994995
488571
-127232
690664
629017
727042
427168
-856502
-855464
889462
816340
-664846
527512
761711
-546922
-284463
-637684
-213782
-579089
-199377
-198462
405316
-304849
759331
-946226
-154881
-960631
-26398.5
954894
-345622
640736
-616688
182409
-691214
545396
428816
678152
-804987
-42085
-596484
839656
-714591
465987
29877.6
-956114
817194
253578
-930540
65584.3
-712455
364788
-218421
-47761.5
78463.1
-918882
-958678
-80904.6
-978393
-525498
931028
825861
-781487
198401
616077
798090
426435
579943
-680776
-444502
322977
75228.1
204321
9979.55
-37263.1
-849483
-17059.8
695303
737297
-348430
56611.8
-408124
-848079
-276406
5951.11
907956
731132
-654958
-759636
-619068
-634632
-463363
-379376
-339885
-587817
-691092
866085
-665334
863338
-589465
-440229
-832209
890622
939940
-436079
-898679
83895.4
-117649
657826
-408490
692434
-364116
-789361
840083
-817560
587756
-297281
-518357
424299
803766
905820
-708609
-179724
894223
-462813
-526109
687124
-882687
-801813
-902646
-796075
-216163
-589404
-765679
240211
-974975
563036
-627979
374126
986023
-419660
-345073
-584521
507736
127842
-478378
744926
-640065
163366
298868
-218482
86703.1
649342
315043
892697
528245
237770
95736.6
57283.2
-918943
-259987
203833
-404767
-241127
-805475
-713248
276589
-883786
-655385
892941
-879086
98666.3
338908
620472
202002
880978
-533250
160558
767571
-244362
741874
-202429
-11139.3
135716
145360
-71077.6
651479
732109
-658010
-833308
-900571
970336
-318644
-415754
-253212
707266
-703238
669362
-533006
311686
-885739
547166
174474
170202
584338
35309.9
909726
-318278
948729
93112
-259011
802667
854854
228248
794855
205237
130711
422590
727897
-888241
532029
140477
-47151.1
867428
-725272
981262
930540
-687063
165136
538804
841304
22003.8
140110
30732.1
947325
-537339
30121.8
-740532
-40864.3
148900
-642750
-531663
-281411
841304
-18891
-346171
510483
-137852
404645
898068
315897
585803
-447554
283181
-681021
-832575
-164892
950072
-19074.1
-427290
309854
-135594
-8270.52
-29633.5
-247414
-148228
414533
-449080
452010
-534654
333110
-166295
538682
-752312
315958
-475631
-337626
-50141.9
9369.18
985839
-171056
-730094
171789
-614978
210486
673391
462203
577990
-260170
858394
-705130
795526
303629
-572130
-927000
192358
344890
-668813
-886288
-677969
-311502
-362346
-422895
599963
-598315
-795038
711417
-182714
-497482
804376
727470
-231788
328104
265236
614368
-947081
375652
202185
-791070
118931
428877
886349
831965
-397076
781793
-176550
802545
-963866
-627491
602283
-854976
975829
-359661
573901
-201025
623829
-82552.6
-73274.9
-354411
-2227.85
-831965
-282266
663320
713675
888730
-576525
-474960
445540
-19928.6
-426801
-51423.7
-877071
404706
26581.6
114048
-70894.5
442000
-542100
460067
-837519
-646474
610767
171117
24323.3
271096
883908
-330790
394208
-880428
811823
-578295
-343791
388043
3021.33
378033
639088
-439741
-903256
347697
-268715
-981506
-697378
-367351
-765069
-767754
84322.6
225684
-979492
44587.5
550462
-112217
-455611
-131504
-885006
-583117
-707572
-393536
989929
420698
712271
-895627
71688
-94393.7
-304544
953978
785760
995056
673879
-545579
449690
88595.2
391034
-452071
-280923
-224647
412519
-461043
-322733
-186132
-563646
412275
-867244
-509384
-532517
-439436
685842
-329936
917295
-265114
-873104
-151219
691824
-969481
730277
525437
330851
719779
-996216
200476
259926
745720
-540819
-683462
-781671
-311869
963561
453291
925657
-985229
235572
-912046
-951781
430342
-950804
235755
530076
135166
706473
-719230
348552
807367
-657765
311441
-240883
-880856
623951
271889
-909909
-397992
-592273
242836
-848445
670766
914975
163060
319193
-378887
989746
305704
-643178
412214
1861.63
-179907
-959899
-953490
-43549.9
-346965
642628
360515
-627247
161534
348491
-963012
-504196
729057
-347087
653981
401715
-301798
813776
-420331
560595
-66927.1
-584216
-471114
418928
321940
-888119
-408490
-436323
534227
601123
-453963
31403.5
-655446
-91402.9
-728935
-676321
-165258
28412.7
66988.1
-306986
-212500
991821
699942
-740104
584521
424604
-18768.9
-475143
920164
-345561
694327
837764
644887
-567980
682119
385662
-950621
327555
-93478.2
264138
903012
-133946
-706229
191809
558519
-537156
176794
432783
-564379
-777032
147862
-512009
-803766
-334330
134434
119419
-76754.1
437788
509507
267495
-384136
-922422
-950194
427229
314188
-108005
554491
42207.1
-835627
9552.29
935789
482040
-261269
671621
-404584
-836787
-78707.2
824458
898862
377789
-327006
-925535
558580
-608936
987854
-930235
-258583
-628346
-646840
368816
710135
-284036
-973815
-138951
812860
-670522
-560472
-199744
633045
-571825
-951781
-486129
-888730
-578845
-69490.6
850337
-546617
438459
-545152
427351
635060
65645.3
326640
743706
317179
848018
-675100
-783624
-15839.1
126621
44709.6
-793573
116672
-230811
-45747.2
95065.2
212317
-642384
-918027
473678
-533128
-604419
644826
-491012
927793
97506.6
930052
547227
932615
322550
743828
18219.6
645619
215430
-261208
-296365
-495712
117038
-67415.4
-569811
-611316
-693472
-269265
251991
-674673
-861446
765801
-817438
-460311
137059
865108
-458480
668081
-390973
-539537
-24201.2
942442
-660268
751457
219764
-839534
-66805
935057
656178
253334
-641041
814325
-260048
-736991
269082
98422.2
348430
543321
-353679
706778
-880917
-5096.59
-651967
-610950
-161168
-850948
-894223
974853
945860
910764
545457
564013
207801
-225257
-211035
-28534.8
638112
327006
-799432
738029
712699
843440
-159520
-979614
950865
-201147
-812738
672536
-79256.6
98910.5
-306619
-169469
-265847
846553
734123
-685293
91708.1
-543138
-485702
159764
940977
-68269.9
-505539
586840
810968
106906
-101230
-270852
884640
-315409
867489
424726
-128025
-136326
-183264
386944
-253090
379925
-432356
67476.4
-590686
768853
-192480
522629
335978
-336161
445601
-403912
-718497
942198
425581
-269021
93783.4
530442
558214
-277322
-296304
683584
-64668.7
-273721
354411
-451827
488937
-170385
-869503
824396
-743156
-493881
851375
-663320
918332
258400
-611072
-671072
161107
765801
-524400
-706900
443953
848811
61128.6
146397
715079
-438093
-716300
568651
651051
-271950
117038
311808
-22797.3
226905
754997
-704764
432722
349712
797479
-701834
-57283.2
-467147
-700308
62349.3
-439863
782891
-253212
617786
739067
-894467
17059.8
-357036
-496872
-748894
395795
-326395
-929197
88656.3
-297403
970641
-499863
-78341
594348
-138707
-84505.8
57771.5
106296
-634266
-121067
944456
494369
920469
-531480
184301
440229
-987609
626453
741020
-317423
-463973
-661367
649770
-863521
-315348
-790460
543809
-436567
190283
-6683.55
309793
854915
-276772
-354961
-815058
991699
264199
-546129
607959
741020
-737968
820307
135838
-844722
-611194
-759087
-259743
-66438.8
-295083
62959.7
795404
-291482
-952879
-430219
-931150
322672
-548204
-37873.5
29938.7
154332
425520
-204505
-213782
557543
-124241
437849
-38239.7
477401
515061
108432
-170812
-696036
-450850
61922.1
8270.52
-973144
463668
479293
-956908
-247230
720450
628101
-828852
-350688
177038
854915
595813
-623157
40681.2
972289
575426
71321.8
-829402
602954
641652
939756
-459944
43000.6
258400
-467513
-328959
-792291
235633
752861
-145543
-778436
208777
-331889
-32380.1
215308
-502487
183508
-297891
-107456
-344157
642140
14069
428755
25910.2
412885
-390057
263955
608386
529771
-720267
353557
-438093
443587
-109592
-562426
-356304
-49592.6
851802
-107089
903928
357585
867977
729423
-53132.7
-49348.4
-213965
-706900
-929136
-176000
-644642
239662
-400372
-863338
-290933
-661306
717154
-143040
-619251
673574
119541
57405.3
-330607
797845
-204260
-176611
-836360
411237
-750969
837214
-760613
-882382
-526841
-299295
342021
-171972
-5584.89
58565
-133335
369610
292947
-415204
-551561
865291
-84994
895260
475448
444685
589892
447920
-363140
-149937
662160
494736
-681509
-501205
-845943
146031
659169
-434187
-231727
611194
78585.2
-352031
145116
677236
-908383
572741
686026
-511582
219703
-86031.7
255959
689199
811762
-222388
-922849
992492
-410932
419050
127049
-763115
-275613
254860
-648122
994446
-731376
-168065
10406.8
790948
738639
316080
-542283
-996643
676382
62593.5
-316141
-505356
994324
-168920
-81514.9
-950743
917966
207862
614673
672658
-661550
-202490
-876400
-184484
388409
-253395
374065
-412214
52095.1
-838191
867061
21881.8
623829
985229
-699149
-550035
826472
889035
136265
-942747
402387
752556
-583911
673147
989868
-716727
-848567
862850
96591.1
-654408
-413556
-616688
-15900.1
558336
-345439
-935789
274270
724845
938841
-823176
91097.8
657460
-551683
-645070
550462
-40925.3
523972
127598
-590625
324137
-814814
-871212
688833
-78585.2
-769036
-955016
-919248
-577929
-593188
363018
-46601.8
-766106
-48921.2
982055
766717
505783
-167455
-249306
710013
-536546
-8270.52
-7171.85
375164
-359355
898923
83895.4
277566
-433393
-259316
-859432
36835.8
473495
-451521
886471
-969726
-414655
-419843
-244667
332011
-447493
-730949
296487
748772
-407941
-949217
-58198.8
766900
898190
382672
199683
-778558
-115085
265725
337016
500412
-177160
584521
611682
-903317
433271
-425398
-881527
-679495
1617.48
-267678
-688955
983947
-426984
-522141
261757
871029
-207556
885189
722343
805292
-48310.8
790460
-951781
127720
-193640
-407514
48371.8
-602893
-275979
-943785
823115
-874447
-272073
-566576
653493
361919
997070
-788263
-996948
934874
385662
-194372
696219
169347
-474532
500656
334147
-112339
-928159
-35432
-987915
508225
-342814
-362774
-600452
54719.7
113620
-687857
246437
887875
528245
221107
377483
-28107.5
692434
-63692.1
-762810
-510422
-491623
400678
48799.1
-383404
-84933
-600208
647816
268715
896359
787713
55146.9
-365520
-866451
-220740
-150121
305399
-134861
621082
406415
816034
-484298
954283
-943846
-593066
-342692
180761
238807
-177038
865169
146458
703238
-41169.5
30304.9
-547594
-177465
-834956
-308084
-291421
84322.6
-973510
951781
-959288
-180334
-573656
532701
-836299
-767693
707083
-455123
-665944
-208106
-257912
520981
-506149
52217.2
730399
283670
-81820.1
-41596.7
525071
-792474
-320536
704337
-688955
438276
-759575
203650
442061
-369182
-511582
-763298
250099
770318
523911
335246
-359233
636952
514939
468429
285928
-521897
-68880.3
-408368
-773919
450240
-531419
121799
696463
-607837
978759
-600024
986816
-506394
-286294
205786
-849666
420331
-799188
-615894
-628101
458785
-941893
-351604
-191076
-756951
-936277
621998
-282327
-373638
-207678
179785
-322733
259072
-870479
153844
723624
-563280
978576
-535386
-793939
-219825
-529771
739982
-820612
309732
989868
-514451
-856807
-523118
-667837
-131748
941527
-284707
298990
175451
-364788
-926267
-950438
12299
159459
493820
517930
300455
-421186
294534
209021
139195
752617
426313
-313700
-407086
222633
57527.4
63264.9
466964
136570
-945250
-189001
133885
-981445
921018
195410
473006
-799921
-247475
654958
986206
-276467
778436
-567003
151341
531114
-955626
-223853
77120.3
750908
-196326
-988098
520737
893674
-822748
817072
-668691
-228004
646596
-9369.18
-617664
-45503.1
-59724.7
43061.6
-946409
567980
-121860
914182
327738
-740593
-265114
-867733
-438398
131077
685659
-271889
996521
-540025
-104221
214087
68758.2
16144.3
818293
-57039.1
584094
-210059
260414
-841792
817133
-57405.3
-217750
-952269
599841
-208106
-9918.52
-885861
460067
-354534
-713736
-825678
874386
-706046
-360393
299905
695181
977416
936644
11688.6
817866
636158
478133
41047.4
147008
259926
-817438
-30488
-72481.5
-853145
-940977
-940001
-499985
885250
-488083
-407514
-454390
-130100
-959410
15045.6
-118870
167455
-104099
-775384
-132786
540452
256081
289102
492904
444685
-515183
922849
197851
811945
-965941
-970885
-504074
429975
553331
621265
461592
-267312
-231117
435102
142186
813288
-304666
545396
-41352.6
-527757
-259194
-701102
157079
113071
270058
-123997
-626759
-701895
-813593
793756
373150
777520
96591.1
-336833
31647.7
-197668
618946
512741
612171
-463546
399701
-9430.22
409528
-622242
-601672
758477
818293
2716.15
4974.52
-610767
-109958
945128
-447859
-918516
-559191
-476302
784173
501999
-228065
929014
845210
-929868
-933103
283059
350322
-3082.37
-473373
484848
-899777
-611133
-695303
652211
3509.63
732231
306864
975402
-231849
-932371
915647
791803
-74373.6
169591
-296304
-302835
748527
-958983
-802423
503403
-373821
-961486
-245033
-142857
459395
-62776.6
617725
-669057
-362774
250710
202918
799310
-841792
117038
695181
912534
458907
63448
-998291
480941
-488327
-37080
-866207
-418500
754692
-505844
75777.5
199622
416364
418317
205298
-781365
796686
-15656
326945
-430464
68636.1
-223670
381451
353313
-839106
-686270
-107028
-251869
285562
719108
-782342
-485031
672781
-235939
-345073
912534
74678.8
-393231
-514878
835200
-397992
533494
-4913.48
-13824.9
454512
16388.4
554186
-101474
108615
400372
804682
615528
524949
531236
-973449
-155248
-62532.4
637623
741874
-603565
787469
779656
618763
-279946
-635853
176366
-260475
350749
-284585
-275735
-705741
-921384
-610034
-979614
762871
-346965
-425520
201086
-352824
834468
-812555
-89877
817499
606861
-507126
-291726
534043
362407
795587
236488
-792962
871517
-218482
-554430
-42573.3
850398
-935057
205115
-958922
-61311.7
-495224
-396893
-801569
900388
853511
-749565
-7049.78
858882
-699759
900693
199561
380413
-528733
699698
307352
217811
-550584
376446
197363
525925
376263
687063
58565
363384
-801996
-573595
-394574
291177
119358
-682424
-342143
-118137
-674001
93356.1
-852657
951231
539781
81392.9
-388470
324808
-31891.8
-394269
239174
953063
210486
-482406
-471358
-814814
-315775
-833125
622425
-982665
-866817
-871517
378948
-875668
-220435
994140
-753227
-509751
684072
-456404
457.778
-551622
-125095
-392438
403180
-55513.2
808832
933714
-142552
-165380
727103
-630360
-893674
-968871
468062
-325175
-951720
308451
299356
273659
-272378
581469
-667592
-737602
-436811
-530442
-918699
-16876.7
-121982
-42085
728385
-524522
792047
968810
659780
120884
-459334
656178
-167028
-209693
-718070
234535
-461409
808039
-546068
-843562
-880551
-955077
-254311
-550707
209204
-547105
744133
25299.8
-947386
-646962
-681143
776360
-529038
-209571
-191748
-733207
33967.1
267922
-931883
-163854
1434.37
-829096
447005
-75472.3
-402997
-803400
748833
-566881
-823542
99154.6
-752800
-67171.2
852840
64058.4
812677
-467940
-859066
23651.8
215247
218482
184912
227027
-334025
-515366
128758
-624500
659108
-947813
195166
-361797
177038
506088
-966857
-142308
321879
650563
-101596
260475
-565783
401715
-772759
983764
-235939
26764.7
168493
-269448
-246315
543626
-365825
867183
-3082.37
93112
432905
-726615
937010
-903134
-952757
-739616
-635426
-988037
618580
-133763
-220618
496567
-299173
843867
-322550
-202490
347026
652394
827143
-826106
89816
764946
-405133
167333
-620533
-394452
385601
-466842
-959227
427290
-742363
643910
-687368
444014
-223060
178014
-968261
-470565
171300
906308
523545
-205847
-151769
388165
762627
354472
338603
391400
365093
605213
728629
845943
975646
308573
642384
-853999
611377
-187353
837764
612659
-474532
710318
478439
927976
152806
252907
-856563
355571
-300211
-170324
638417
557848
941832
826899
669240
-175939
-210608
177221
-557665
-479476
-812433
914304
-747490
-423627
-91464
42817.5
121860
-183203
-197974
-962218
-447859
956297
65218.1
-714835
-547349
64912.9
94515.8
-223243
306375
319315
-518357
-629383
-362651
-148045
717521
931578
840632
-490341
-835505
-337931
-561510
335795
-138157
937681
825190
586596
-275002
-41596.7
561327
-903806
702017
529527
-716849
800958
449629
-716788
-713736
-763237
91341.9
654775
848384
-178137
-379986
924192
-647694
736381
507492
638112
-727103
-786798
83651.2
-278237
89266.6
50508.1
-752251
595691
185217
160192
74007.4
-391461
-199072
-36774.8
874325
98910.5
-902402
-554064
-719413
-601733
397809
-311625
909421
-911496
664418
-321940
169958
824885
-720145
-778619
780938
-961303
-810602
-234901
555223
831294
469344
-59297.5
17670.2
371258
384075
-356670
-583178
108982
993713
-540635
-305643
119480
374981
-746941
-27069.9
-113254
518235
726737
-872738
-157750
-38056.6
-234657
-762.963
969665
229041
-620350
-180395
-211768
125645
-941465
-600024
-971740
965941
-655446
656423
-690237
785394
-555223
-972472
137913
604785
688650
350200
-472762
807123
-353313
753471
567370
690909
-278603
-863826
242592
-738945
-976318
788079
817927
321512
-653493
-282266
-896115
-70284.1
49043.2
251198
-87130.3
-721366
-336833
-538682
-980773
-934568
-964354
992615
-63875.2
412030
817560
-157750
-179235
398419
-886471
661855
821528
-728263
104709
-860347
178686
-605701
-544420
-971068
-608264
991272
-680288
382061
-234474
762444
754631
-445296
647572
419843
359783
542405
-330058
-786920
949767
210791
-693289
-494125
-924924
983642
-938963
-534288
-796991
-449934
-406964
-70589.3
-628956
-846126
102206
-493332
125889
27253
-724418
984924
-440474
-468184
-884640
-903195
255898
568834
-42451.2
714164
960265
-178137
-5157.63
-470504
783197
393597
-384503
289163
752800
399701
-128330
638600
526902
82735.7
-611621
-355327
-922239
-992676
-972655
-944395
-837947
-99459.8
616443
361553
388592
698721
-941771
-281472
695975
-635670
130406
-201209
-947020
-965392
-710685
628590
-805414
64912.9
-209265
477096
-795404
528550
-561388
858760
759514
-263100
276284
711173
844356
341288
530747
-188696
-245949
-420942
-876339
492782
192297
-773003
61433.8
-274270
-719718
824580
-983825
623524
288980
-271889
-588610
-563585
-94760
561266
323038
-902463
-152928
-379498
-489547
-619373
637684
802118
-111911
734672
353008
609302
751518
-143895
154332
805475
69368.6
62593.5
-581713
273537
-845332
529099
277078
645253
27558.2
-549608
381451
-737907
781365
-808100
-301126
31464.6
-734306
490951
159215
-261208
398236
-228797
-39338.4
380352
-582263
633717
-651723
-922666
391400
-414899
-322184
134861
287942
-932371
576891
807428
-69673.8
-148289
-983276
-665334
139561
-145726
-893674
809015
382183
-553697
421552
-563036
234413
310038
-317545
758721
975463
-90243.2
-409711
386273
-378460
639210
-362651
824274
714469
-294168
701956
934996
176366
817072
240883
-389630
543199
-270791
-107517
213782
-110202
722343
302042
-646352
-240822
63386.9
982116
551805
407453
-479904
20905.2
368328
678213
-11688.6
-549059
-453169
818293
294717
-910154
741081
-452559
-761711
666616
-614002
-305887
-67659.5
-954649
-723319
-289590
509812
359844
-584277
-621570
254250
-130589
-306558
-979614
-780633
-648427
-37751.4
525498
399091
841060
68086.8
-495102
511155
529466
-598376
889401
456099
-362041
-468734
-720511
-485031
74312.6
480636
363201
347636
-311686
213172
711905
854183
936827
-113559
267983
-37751.4
-228187
438215
836238
-596973
563768
-932737
891781
537339
-128208
-829035
16754.7
295206
875057
302774
-721366
-708182
-723807
-288858
862239
180944
490036
23957
-731925
-690542
929807
638966
-610096
-264687
-796075
-615955
-216468
671010
35187.8
10345.8
439497
-584338
714835
78341
-628101
837519
904721
802606
-662893
469893
-400433
-585314
992492
282937
61800
-390790
-190161
-806330
541124
633778
-944334
-623096
-407331
585803
149205
438948
-195532
479537
712821
517808
747917
644704
-374432
371075
963439
19379.3
-605701
-484909
-206214
-99215.7
-847835
477096
877438
714530
599658
222816
114292
-633351
199011
823298
-82430.5
-259865
-64485.6
421613
562181
-102023
-42878.5
563280
443770
556139
-594287
952269
60762.4
388592
752556
-304544
-469161
726798
-50386.1
97933.9
455611
-783929
-289651
71138.6
-54719.7
991760
231544
-782647
-384136
937071
668874
-347819
-628162
-414167
-320414
-372417
786004
232215
343425
18829.9
-109958
-190466
-224952
736625
187231
-898129
740715
-872433
-299356
849544
-408979
-573778
869076
-688467
-177221
-681021
-897519
-151524
-418012
685232
811151
86458.9
421064
575426
718863
-774102
-377728
-508530
-725578
-942320
-599658
-971129
-26276.4
-751823
-704276
-54414.5
-596912
457076
-927061
718863
-180883
-151036
434309
-347087
-924314
562548
862972
600146
-289041
-300760
-92623.7
-642872
7232.89
393536
-780267
800592
835994
528184
660695
-177648
-899716
-343791
-217322
129002
-411969
692923
-994507
-33661.9
46845.9
-61128.6
-205237
832881
-705069
-946.074
157689
243324
-820429
-842830
766900
606311
194983
-228858
26520.6
-723319
-426191
-750603
-608386
-152440
-336772
172704
-745842
-258278
-601245
-877987
707816
167272
688467
776849
-495651
-501328
519272
844783
-485946
145970
599353
386212
1800.59
-24750.5
-652882
-904172
33112.6
341899
41291.5
103610
320780
-200171
-57039.1
-142308
-174169
-451033
203101
-347758
-575243
-316263
-632374
361858
-44587.5
304483
293008
945921
955016
554735
-716239
284524
-598865
-353069
-734123
909421
769951
939085
-192663
191626
-277322
-876095
-200720
-451216
734062
-405072
-390667
-765496
-25910.2
49836.7
520432
-728080
756890
-605029
267129
94943.1
-132176
13702.8
482345
-541673
-917600
459212
866268
-819514
-811029
637074
-109165
280007
827815
537523
851802
69917.9
-540880
581713
-919248
-228736
772576
643117
-869991
208472
-149571
-192419
-257302
149449
397565
-65462.2
-580004
853023
-650197
-919492
399518
-614978
-825739
-150670
-144932
267617
-827021
730033
132908
21942.8
103671
-513962
834468
168798
-571520
657155
560045
-752007
-494797
237648
-875301
-579394
31586.7
-407636
59846.8
215003
-943785
-326029
211585
980285
-131321
-396832
250038
609241
80660.4
674795
901181
93234
211158
-147862
713309
471725
88168
-187597
171789
-261391
379315
-395367
-26154.4
-731437
-436567
984619
275491
-675405
-343242
486618
724357
211158
-995117
297342
89510.8
633473
-545763
-7721.18
-697989
-173315
214148
197851
717826
-982849
-276284
242286
-584399
778191
-165380
856990
-657155
-157445
-377422
-8880.89
121616
-64973.9
-859066
802423
-673025
186621
427534
-114658
51057.5
-306742
78035.8
801325
564074
-218116
698721
971007
-113987
545763
-450179
993164
80965.6
-788202
-306253
451582
-913877
902768
-41352.6
-727531
889157
-644093
-968078
695975
865169
161901
-5768
921995
-913633
85177.2
608142
-503891
-582507
-971191
-327433
-505173
-791986
207251
756890
-425153
-604907
-912778
-374676
947935
-171056
662099
666555
-656240
-366497
-380596
638600
-975585
-585376
966857
-956725
911008
-871334
-323710
-557970
-113132
423261
911435
-974914
-661122
-736381
-601856
748100
-396.741
-343303
-496261
-653920
-847896
284890
584460
-459273
-738151
862728
-834773
-249916
95309.3
28962.1
514573
-384930
-609485
-414106
-824335
655263
140721
899167
-982238
365703
-447066
269692
368938
-932249
-253700
-908200
793878
-173620
-750420
-392254
-921812
746086
-636525
73336
983215
-41291.5
447249
145543
331217
614795
194800
306131
-12909.3
191382
961180
131870
295511
-571154
201941
-774285
-461715
-790887
-911313
-379559
-26093.3
687735
-636769
-532945
21088.3
992065
-508469
821528
149815
-200842
181982
-658986
-958373
-895810
328654
703421
-417646
-506577
-556444
-438765
-751518
-766900
-360881
-155919
451827
-512436
-775994
220374
-597522
-21332.4
975158
-467513
-945067
399091
-852718
16754.7
697623
-108005
284402
-879330
-249733
-89938
-106784
-268899
330790
764946
43366.8
-375347
153478
-818415
-44587.5
-46968
322611
-831355
639821
-423505
-417463
-482467
-350993
-942747
-412641
243141
-994385
-874386
753105
-721488
368511
-569140
-746513
-264199
499863
390545
723930
-953856
-904538
-50874.4
-766167
290994
41169.5
60152
-907956
-962889
156590
702628
45991.4
-11322.4
491012
245643
-561815
767266
231239
-26642.7
-117466
-866146
286172
-418134
22003.8
965209
609363
-538194
931516
-704703
321879
578784
-272622
-262856
699332
-236915
946593
594897
84078.5
-776727
-742180
980468
785882
93661.3
67415.4
-753655
-967040
830622
-418195
-952391
37507.2
267922
890011
-655263
-764763
145848
-372234
-339213
-235206
924619
-213233
905148
-752983
-304300
-770074
-924619
-72054.2
3631.7
-522691
151830
-753044
389935
-676748
-505600
894467
-527512
848445
57466.4
-581347
372784
-611255
732414
447310
302713
24262.2
-867916
-416242
124729
149083
129490
42512.3
-303385
687002
462142
84566.8
-185888
-486618
715690
316935
563829
-353069
999390
-82979.8
898495
-226844
-375530
-153844
-752373
-337138
-899777
113376
-23835
47212.1
757500
-847530
-497909
-487594
314798
375225
888180
-23102.5
-302042
-37629.3
717826
-687735
-574267
955931
-930845
671926
875240
-285623
399152
-911435
737541
-206153
149754
904965
978576
-682730
890500
597217
615345
894955
807367
557482
621448
157506
352886
394086
274209
-34455.4
-131809
-684988
255287
356975
-9430.22
155431
818110
-704764
-341288
612232
333842
281106
-472335
248207
529038
-110263
-392804
828364
-272927
-703421
934568
550401
405988
853694
95309.3
-267373
385296
-220862
404401
521226
-45930.4
23163.5
559496
179418
253151
371258
580004
521531
-776482
-150914
-157079
-946471
433821
490158
-969970
384014
-901120
529405
796686
-534165
602893
85360.3
976073
-766228
-162084
392376
-868526
198157
672597
646962
268410
558397
-139195
-470870
519272
398785
705741
-537156
613330
528245
789117
676565
-55391.1
-472274
-920103
-872921
-950682
-433149
734794
-650014
-693472
552355
901425
297281
-326273
-828608
-160558
-773553
-730094
392071
669362
-297342
-380718
-17304
63325.9
776849
-632984
-385846
-810297
-598315
-719352
-894284
-775811
-850887
349040
-621082
739494
-709830
791070
680044
-713309
-698721
787774
-364910
480636
858760
748833
-300455
901181
383709
-72786.6
564745
124119
200781
-806146
-916379
192846
-627796
784967
-720817
-155797
270425
834407
-3204.44
-199133
-48921.2
-496139
-236061
442244
390057
523301
-580737
167333
645436
953612
74007.4
-239174
-991638
984924
967284
-923643
204443
582202
779290
-652089
-291849
791437
963317
-556688
233802
517685
660085
-629078
463912
589404
-243507
-646474
-921201
-80599.4
-348064
-219459
149815
-423444
292947
351726
957213
-420026
-958617
-274941
297586
228248
-64058.4
-19257.2
341472
776543
911191
-785638
104160
-726310
-463790
571032
-407575
372295
835322
-966063
689688
923215
-247414
279214
-158483
168432
-175329
909116
605090
344035
621876
377483
-876339
505295
-477828
-81392.9
590014
-612537
379437
792596
-239784
114109
648366
-840632
-419233
565172
-470565
-105136
991760
218482
696036
660085
-32136
-724296
165197
537339
860775
886227
876400
545213
104038
281228
539293
344707
-655385
-369610
313761
449507
62044.1
433882
884274
252541
738456
261452
-508713
-818476
642323
-347453
482528
-703848
-712516
-11627.6
945921
638295
-369121
149388
-13031.4
-350139
70589.3
770440
-786187
-31281.5
-692618
-93844.4
991089
-84017.5
-867672
918760
25971.3
-11932.7
-797662
401044
849300
663869
866512
947630
753044
-158055
105686
585192
747551
218726
648305
-323466
100986
-79622.8
-676138
-890866
-976928
701407
717582
581408
-943785
-978210
-811823
799432
-264626
316507
-688528
396039
-918943
-232826
812372
-614795
486007
-107822
-952818
-35920.3
-440962
264016
-899716
474899
-511032
-331034
555040
-659841
489914
20477.9
-995788
782464
-108676
338725
-639149
-858150
435347
109409
-967956
-395917
-656850
333720
19196.1
150853
-285928
-417646
5645.92
545152
818293
-634144
-504074
-835200
847346
133885
-931944
-504013
683950
215735
-198828
-901181
253761
-984802
942076
859249
21759.7
771416
-128025
-662954
-804621
198645
437300
25788.1
-802301
317850
705252
333964
-27741.3
-208533
208533
101901
-317484
75594.3
-259499
466414
-631703
-299966
-236671
885311
-878109
-9674.37
492721
-865291
-653798
-456221
-280251
91891.2
-342936
-228553
-564989
114719
993103
819452
-685659
832514
-505234
181372
131809
-841243
-284463
-685110
-840144
-660756
-272317
574572
621204
-152257
-314982
-226539
-747002
942076
405072
686636
48005.6
-307535
-466659
807855
232521
295450
-147496
673330
546617
485153
-702261
63997.3
-113437
-145177
-757439
-600513
373638
901181
616260
-364422
910886
603381
415265
978515
290872
-649586
173009
-272195
-83407.1
-971862
947874
-439070
-801935
-920896
393841
571520
-312296
347270
475692
373882
-984313
-478927
-608997
587146
689444
-14130.1
262123
-990295
817866
-100497
159215
798944
-174657
-697073
19074.1
965697
214881
-921628
-979797
-500961
445845
-432051
-22614.2
-567797
-13580.7
-335673
-681326
-838557
-394574
187414
206763
-667287
-35920.3
357768
367229
-393902
571093
-818903
-813532
-387738
164281
554674
-358196
-587207
579516
-90853.6
-374371
-223304
-828974
-801813
227088
-414289
-154881
48188.7
-466842
681692
-231056
-119724
-488449
-533128
-181799
818171
538499
-428205
-174352
192969
-867000
900754
692312
458663
-538377
-630360
425031
-669973
173986
647755
162145
-44282.4
-866207
214881
-750298
-61128.6
-393353
-951170
-568529
-981811
467269
-746818
-785943
221595
-11444.4
939451
471053
304544
-224036
675527
347087
286905
407758
813288
526170
-100925
-654225
6988.74
924863
751579
678030
236488
-125523
38789
-744987
645924
-146336
-408185
784417
-488021
834223
89877
444197
653188
302896
-754692
-421674
-406720
21454.5
-225990
-963134
-209082
587451
-37629.3
723075
248512
-141758
645497
-90182.2
811884
300943
-592517
-111179
474532
-669607
-182836
-486801
998108
-301737
511155
-801691
-838862
-4791.41
-62654.5
-58931.2
-49531.5
328715
-428816
921995
5035.55
-760613
-583544
251442
-372539
918332
604602
423200
673757
786798
903378
-963073
634327
502976
-51240.6
353679
219825
456099
11871.7
244850
762017
811457
-886776
98849.5
744926
-831111
297647
247414
-223670
-102451
-118686
473067
-686087
-792535
484420
162328
457137
-976318
-338664
-335124
118748
-277627
-59175.4
-577013
-112888
793268
-911252
432539
892697
-509690
406720
598804
991028
533311
-122776
549059
-425703
922239
-30060.7
-534776
324747
927915
920225
497787
-778497
-679312
-707266
324686
114353
-99704
642933
417463
-824213
-611805
88412.1
576342
545213
-253639
-396588
297769
476119
984436
-152135
536485
300699
-483139
-655507
-575610
-477218
134495
816156
509201
-648061
650685
-504868
-925352
-7904.29
-713431
-781121
-893796
-3875.85
-142796
-878048
462569
999817
819880
739250
817621
146214
-750420
331034
-65889.5
-484603
-197913
243995
831904
869442
-272561
119175
-587146
-973571
-2410.96
-239540
-893796
176794
-390728
475692
94882
452193
-874874
702811
-312967
-938047
515915
733879
-605579
-692190
-634510
348857
-719779
-209754
502670
172521
-860958
-881405
-880428
566332
-928709
437849
442793
867733
-985107
-916135
16022.2
789850
-204077
-319315
-340251
794000
-737968
-8941.92
-831172
-753044
59968.9
-166234
810480
-823786
619922
379803
685904
435286
-89938
139927
17731.3
91280.9
-477584
956114
425825
848567
-346110
309183
253273
319071
543565
-744011
6561.48
953490
-69673.8
307474
-29450.4
-555406
92257.5
560350
62837.6
-583789
-970031
396039
987609
209449
-641896
-942015
754021
-420942
-534715
-579638
-380535
-886898
506638
-739372
-478133
186804
-209143
-650929
-938292
-735282
124302
-333537
98605.3
363262
-325968
63448
-977416
-515244
-85909.6
674123
764519
838191
214942
395795
606250
-343852
640858
747185
-144505
-576647
-483261
-580920
445235
326456
-673574
827876
521653
739799
-493759
-14069
83529.2
558824
-304910
-998840
734184
193457
4058.96
517502
609424
34028.1
-131260
-590869
543870
202551
44892.7
-957640
538072
-598315
-687674
-585376
588672
673757
447737
-513779
944578
882199
-970763
-984497
-148656
-271279
-363567
210364
-153600
-882260
-993591
508835
667592
680960
710013
800958
-163121
274575
909726
404584
983581
-738029
-237465
-892148
967162
-606189
29328.3
-409833
-136021
-901852
-545946
534471
879757
-6317.33
475021
-255898
249733
-562670
-169591
-424421
190832
-79439.7
-378704
335.704
965697
-874996
393841
-392376
-876583
-549059
-196753
-137974
-21454.5
831355
-576891
926817
-609973
-357280
-739006
366070
904782
-472701
544053
-961303
-674612
936827
335917
-503525
768181
-788263
549547
-802667
269509
8758.81
915281
-150792
-992126
-112522
470138
-806085
200110
870418
-872188
545701
-263710
788018
-105747
396039
615894
221229
-710807
-603015
-753533
-145787
538438
-963256
668935
-950072
-903012
-681936
770318
-539293
-932310
-246071
547838
486373
76265.8
991638
486190
392682
-834101
-621326
110324
-97506.6
-725333
-217811
776910
71993.2
856136
975036
766167
-735527
208106
900449
737358
-965636
-929502
128636
609851
-266030
-944517
816828
-67537.5
-344646
-528611
-514084
803644
519822
104709
926023
-595141
-872677
-479171
-456771
-789972
-20661
447371
-539232
-67171.2
685781
801386
-314188
-725028
970397
-75594.3
-343974
-461959
-914121
586230
-523118
160497
452315
321390
163060
243446
329447
659597
196631
127232
-661916
-186316
-286599
80843.5
-359111
-613147
631458
-832270
595630
661977
32990.5
349162
-305826
-964782
-887143
889035
-400983
157384
-993896
121738
-910642
343791
-193396
-354534
730827
816950
89816
4425.18
-920896
343608
-748283
921445
232826
-171361
-22614.2
-856441
545091
-571398
-850337
964354
-691641
-252846
513047
-516709
-775262
-324564
-596850
-332743
-526719
438826
855525
-726066
-812128
413923
-594531
702017
157811
277017
-107639
-170690
563097
-952635
-420454
901608
557970
587573
903989
-465133
-485763
-877010
-833308
893307
-262673
-655995
477645
-894589
467391
-348003
266152
981384
978393
112888
-328593
92928.9
586962
-319987
123569
279885
384198
249062
-571337
644276
502487
107456
-329325
-904477
-270058
340983
241676
509201
-714835
759758
314005
560595
-435469
906186
65828.4
-702078
-325480
707755
973815
-484664
562059
336406
483749
-10712
-445357
-162145
-626576
641285
-876644
92867.8
-880795
-311930
-318888
-327372
-421552
-156346
-772149
-848201
301614
-366619
-342692
-559191
-214759
884701
534715
-300272
-20661
455916
161168
-602283
360576
-734245
734611
78463.1
884640
686209
-578478
-604236
130222
-639210
151280
980834
-53193.8
512070
-54963.8
704398
918516
798761
593249
895688
-42817.5
786859
-507736
-919309
336955
96530
454939
803339
-517624
-713187
304666
-910276
823481
-458235
68697.2
120945
-971129
219214
580737
-325541
931578
-674245
-693838
-102206
-543077
979980
203101
976684
869137
926145
-570116
-739677
644520
161534
714530
406598
287820
-260475
-805231
-892026
401593
810785
-455061
-36164.4
321940
964965
-800348
-941954
-366070
936583
487777
807367
-122593
735893
489059
-358867
-242531
-731986
426313
-924192
170995
503586
-595447
-253456
362163
261757
310831
957945
-480697
669729
686453
-682546
-874020
360149
384564
-987243
377972
-530686
825251
-703482
-20600
-501083
-339335
-259804
630482
-896786
-336772
820734
-481246
-134983
-351482
400861
-872677
-878536
246132
-332926
-328959
-95553.5
330485
-913205
-524766
-944456
924558
-52217.2
607471
-419965
388409
41779.8
76082.6
301492
-294351
-944456
-92318.5
879391
-319987
231300
415815
-747307
854610
-141087
-26154.4
-427778
-34150.2
-836848
-396100
-317301
-253883
147557
-305155
219031
-114658
-42207.1
-838069
377972
-33784
-672475
360027
428022
183874
-331645
63142.8
20600
663686
366924
-176550
363506
-811090
851436
21088.3
-678640
151463
990600
918088
-496567
536973
386639
-971191
402570
-241493
125828
119480
647389
-850276
-452132
-851741
-569689
-68880.3
-402081
460372
-825983
-539048
-677175
548753
498154
584582
-925230
694143
-450423
-107028
983886
-203711
759026
-295206
263039
709342
-915098
-416913
-92196.4
392987
808832
199866
352580
-806452
943846
-639576
646718
-434431
318766
-998779
712516
-452376
400678
972106
-752129
-695303
918271
416120
836055
49348.4
348186
560167
824519
-345866
327799
-272011
-463851
268044
55391.1
387982
375469
249489
-258095
-950926
-609424
-271889
-824702
816767
856197
107700
461592
-578600
437361
823542
-997192
532212
498581
-334330
-222510
-831538
-880184
-18463.7
982543
-978942
-618458
-930418
102451
496872
482406
-922910
466231
-702322
-748894
714164
-645436
347819
-384503
-903378
-278665
880551
590991
30976.3
589831
-501389
351115
52156.1
188208
-981262
942686
528489
884945
-85543.4
-792169
-854610
-11871.7
168859
475875
-919614
-529832
349834
586535
-818049
681082
-278970
808710
-534959
-887814
199927
-784783
-764885
-726371
-23896
-921873
154271
746941
-397504
-155065
-439802
-523362
371685
-739677
352702
-637806
-210608
194433
758293
213172
-41047.4
740776
286599
-869381
-312296
-854060
-809503
-623768
129185
134556
-256996
-207373
772027
190344
642262
836665
-409772
357219
858943
288858
165319
122410
236854
700797
-406598
944212
-839778
-356670
-9125.03
986267
599902
818415
-590564
-378094
850703
-903928
973998
-729545
273171
-459456
55696.3
-872311
351238
-513901
293069
353740
378948
-272683
272317
-719840
88839.4
-115940
-318522
199683
-466292
5584.89
748894
299478
535569
-525071
-220679
302591
-987487
-723136
601001
-622181
497909
691275
734489
-117405
162877
475265
96957.3
499557
-344523
-404401
-945494
-669118
68758.2
-425031
-365886
-488388
-649770
-486557
708365
905271
-534959
-151463
965575
443831
-374310
-83895.4
477401
675161
901059
-625782
676626
-920896
515793
553331
-442488
-282998
-845088
-205969
-88473.2
-225990
-416120
836360
-589587
559862
-102268
321574
349895
-471358
-287942
470565
-134678
880367
607410
999817
433332
-692557
-859920
-661672
-529710
448164
-267373
-791375
-158177
609241
-245582
632008
94027.5
-678823
107334
-576708
220679
-712577
-372784
-763848
-222633
-708914
614490
221473
156590
620777
-194311
-638722
-165258
578600
99948.1
541734
404706
-366985
-649281
-574145
205908
-221656
-462874
-809259
-635243
663869
626453
189428
-942564
-945067
440535
-398297
808039
188879
838801
135472
634266
587634
-470138
-158422
-146580
890011
-175146
104160
-638905
265969
-355571
-130589
-805475
975707
92074.3
-824885
194433
635060
906919
43733
-424055
751396
-893124
-199622
-776482
-909360
137303
880612
519761
439741
-165807
187048
522568
-675100
517563
61311.7
-697745
-749077
-473983
-69917.9
-748466
21210.4
-495102
690420
180395
-296915
761101
895322
-991455
799921
996582
803156
-131504
-807550
733451
-647938
-569201
-586779
-256813
123630
-735343
813837
791681
-643849
46357.6
190893
13580.7
72481.5
-572619
-569384
228004
-617542
375774
-264565
508164
-975402
-197851
995544
317301
207923
283670
-132847
-476547
817194
697989
-879391
606189
44221.3
580004
-180029
366070
507248
13885.9
897702
-548021
920835
-127903
-313883
-983642
-620411
215674
-31403.5
812128
317423
-334147
-887875
43244.7
-795282
-437788
845576
-717460
47090.1
-282632
-756401
767510
-253456
-417646
481491
-612415
389019
-365398
-79256.6
-323771
-479965
801080
-909848
-881649
-528855
728874
123630
-912961
-200537
716361
216956
-277871
-96774.2
116428
-332438
61800
-124363
25605
58442.9
-258583
659413
-929991
148473
-429243
-435713
-897763
33417.8
-697134
211158
-379559
-862117
-93234
963439
722465
602832
656545
910154
-591906
-371258
349223
-538560
-958739
340129
964599
620960
784661
730277
-921934
-5096.59
819697
251747
-659108
-396161
164342
-386578
-661794
556078
900815
-652821
139683
647816
-374126
706412
-147008
951109
-63264.9
-540574
494613
453047
763848
139622
-511216
807611
364788
-684683
108188
263955
790094
-558641
168737
832575
634449
-144261
-709647
-247902
885617
482833
37019
-679922
-316507
806146
-752068
148717
801874
-326518
872860
-90670.5
-334941
496506
623463
627674
-287454
-593310
-245705
592212
923704
932005
284341
-61677.9
-685110
754509
972900
-28901
-777764
113132
361919
-711783
-818476
-586718
197058
766961
-781610
-393963
-459639
476119
361736
899167
886715
576952
191137
-637135
596240
-725578
-766778
992920
956908
-117893
17304
-207801
186865
62410.4
-396283
-564318
-307840
-694510
-601856
-921079
889889
-291177
-937620
874142
910581
119846
336161
-244789
-507920
704703
-418683
-944395
377483
5096.59
861263
520127
-471297
-453902
367473
273782
-530015
56794.9
7416
-689505
72115.2
367229
963805
63631.1
-909238
-956603
-960448
-379009
771355
-177038
600940
-852962
-167699
914365
929807
74434.6
-859371
-778436
-200903
627857
390606
-442366
83895.4
-757988
99032.6
-91952.3
219153
437300
229713
808161
318400
-286050
-241066
-103793
764519
-970580
495407
-295267
-913633
-580554
-534349
-247841
-67537.5
326334
-820429
998596
-45197.9
197058
86092.7
-273354
415876
-86886.2
533982
910886
-669546
-384869
547960
138096
-45136.9
483993
734550
140538
-563036
42146.1
628773
-994690
438154
536729
-204871
122044
-458968
966918
-5035.55
930601
-745415
318644
-267861
533311
-570727
568773
-508896
-768059
895077
-978637
978027
53498.9
-865474
538316
678701
-673513
803644
-773247
-954588
370830
912595
147069
-374737
-636952
-520676
601611
-558275
-559740
-531419
-431440
943663
104770
827815
843257
832453
-8392.59
433882
448042
80782.5
62288.3
762566
-125034
455672
-713187
-907712
-277078
-142979
-123753
56856
-708853
-213843
128513
-643117
693350
-745109
-49714.7
-554857
-947447
449263
-882931
996338
-657888
458663
-666189
974670
-568102
385052
159093
-888424
-94515.8
142674
-145177
-393353
208777
262246
-775445
-137486
-307047
-988952
-497482
-931394
-884884
142552
355388
444380
-842158
-413434
-939512
-44709.6
-469039
394391
922422
-685720
-782220
249489
-10651
80416.3
-571154
857356
133946
668020
-175451
-473128
-440779
-921751
-429975
255715
793146
-833674
-215125
631642
-766778
-744621
949278
-136814
305887
911740
-169652
251503
299722
691824
-509812
-583666
938841
674917
938231
-411908
755364
592944
-9125.03
-720939
-673208
-628834
-99032.6
-353984
-562181
890927
-681265
856563
-768914
-212561
147557
771966
-591296
96224.9
856441
-740898
-453108
558336
-187170
443648
586352
-600635
196509
216712
-438765
393048
-941527
-691031
-371502
-977599
87069.3
-757439
-539171
551683
643117
-524827
-934812
820246
627308
-952513
89877
-427961
-257607
-952330
-318216
-867489
712210
-796136
-42207.1
246010
-980285
919248
151341
-114841
728446
59724.7
-502792
846248
946409
-190893
-82186.3
-58381.9
499313
902646
571642
602588
-628346
-448042
-671377
704825
480392
374187
-766839
-571215
343425
637074
-982299
-31586.7
204443
-866451
-269448
-100986
178259
-2777.18
538133
18707.8
-22919.4
771966
-233131
-525620
782098
-952086
244911
-14252.1
-178198
976562
-992676
979492
220008
-23529.8
427839
445357
-324503
944395
837275
-671072
536912
280862
-305521
270363
833796
-953429
-630543
504257
827937
-441084
602771
-267800
646107
742668
-297342
779962
-441816
547472
543809
-147313
461226
744011
-571276
200354
133885
411359
-125034
5401.78
822504
-571581
-609119
306131
-278054
282266
-697745
-232704
-86825.2
-495895
-308512
110935
-679373
-951842
513596
-979797
-748405
923460
949583
327799
-920103
-607837
61189.6
302591
636891
47395.2
808832
-154210
871700
81576
494736
-589282
343730
-940611
-304544
456587
109836
507004
744011
250771
568041
-370464
-173986
-169042
821162
-528733
-248390
-60090.9
122288
828486
-534898
745537
-35004.7
228980
-643971
158177
380535
-708609
433210
558947
-995911
-225196
424421
749748
474044
-367351
864620
939024
724601
383221
234962
-425214
-263588
-890988
-785089
-161351
-693655
-602832
-889706
611011
-600940
534410
-480636
-277078
-356487
-732597
300027
304788
-463729
-556566
-99826
45320
-85482.3
-158788
-886410
173376
-739250
-493942
324564
-25483
-597461
901791
-697073
-344096
168859
191015
-387432
-629261
-434065
957213
695608
-784539
-964293
680410
-305216
12482.1
358196
279397
77181.3
-309915
-238990
33234.7
-879757
-927061
-201270
193274
-675405
-105136
563890
-399945
-185766
846919
792779
615894
788446
473128
428205
-313395
-914121
726615
-798212
-154881
-74068.4
-1983.7
798334
468062
886532
-570849
-835810
599475
-815912
-675527
523972
-846980
316752
-527512
-335002
306192
-867977
190222
55574.2
-602466
-615223
-97750.8
356548
-358867
844111
67781.6
890072
969359
14374.2
-731986
628712
-682608
-467635
-734245
265481
-338298
301920
850398
-70772.4
-875546
-570116
280557
-893307
-542405
25116.7
136998
-665883
-782586
-76754.1
-602222
-779107
943968
-599902
549364
367840
-344157
935362
544115
-257668
-24811.5
-910276
-580615
-926572
192785
-441755
-611621
828242
587878
-538926
216102
-666616
314066
-63936.3
-306375
603687
164342
-906491
-978088
-560533
-472762
397809
-81514.9
-642933
847163
536363
-740715
-86947.2
-99276.7
-160009
68453
985656
-797296
-683584
667470
575793
852657
-640492
797967
-309671
135716
196570
528794
869503
190100
-863216
761528
-78524.1
-947081
682791
-854610
-573229
-601856
568041
215552
-425947
277566
-217689
-434126
891232
-821039
-351665
869869
432844
-287027
11444.4
-438459
-12360
-759209
-395245
-10895.1
-132237
-243080
653371
-146702
842586
337077
778619
744377
-220557
465743
265908
588061
-445662
555284
-241493
815058
794183
968139
439253
65218.1
13641.8
-143590
-236671
-760186
-290567
-870540
804071
-286538
973632
863765
274819
-481063
189245
-534349
-711051
-682852
370342
-98117
-79439.7
965026
709220
-692557
-371502
492904
893002
286172
606494
305216
-247780
-785760
121006
416059
804315
-138890
900204
-467574
253456
-361736
-363811
-202429
10773
790155
663259
7171.85
-704215
-161351
873409
-889767
-616993
-405866
934263
808710
-944884
-954588
868831
-934568
-674001
-559069
-938292
-663015
995727
-126194
753777
-660451
-400372
683889
-913266
164098
-684622
-12115.8
762322
-449324
388653
-348552
-624134
135838
-358928
14923.6
489181
485092
623218
-314249
-496200
-276894
973876
-290506
397443
-426130
-450789
432234
386395
623768
884396
367290
576342
619434
-451460
-622059
-336589
-386151
-41779.8
-510666
749260
-227943
209265
-358562
331217
649648
-508774
-303751
-468673
-243446
-353801
11200.3
625782
-781487
434675
-108188
937559
348674
-929075
-764946
-844783
941343
-409406
677480
139988
-898190
612476
559069
-717032
423261
-942564
16205.3
476424
323588
387249
516587
760308
355632
924863
-853328
-292581
302103
819575
-32502.2
609241
867855
-780755
747246
-475326
782952
211951
-612903
-744621
-871822
-900693
-650136
308512
695486
-434675
405316
-89266.6
-803827
-699026
4547.26
-864376
129490
649586
-404462
-793512
123508
-167028
-807001
-962584
561632
-676504
514023
-924253
306070
921934
-6927.7
-492904
-667776
105502
-11566.5
-113376
85177.2
-792169
-507675
258095
371563
-6439.41
657582
824641
599231
-810602
452803
231483
-823359
-464217
-240150
-474227
885434
-80660.4
-775689
-146153
37629.3
-849300
172765
959532
-768853
949400
-90975.7
545518
-485397
697439
-298379
-438948
775628
-473983
775384
-522385
163793
296060
619007
614856
-638661
-964293
922117
-419355
514389
398053
-546739
886654
-364116
700003
-807794
801813
-704947
-893674
-971801
506943
-596789
520859
-662526
612903
-89388.7
746086
751885
103549
225440
-523728
-568224
-231727
-831782
-315714
-844722
-815729
274148
965331
-464156
-687368
254494
-599231
682180
-230018
-567858
-496506
-389019
838679
-38667
808161
727470
-722770
645192
668081
-316874
-5096.59
163366
-177831
926634
651173
-476974
293435
257057
-756157
-456221
182104
694754
-251747
191504
916257
980285
-130711
-428755
-478927
-984680
-30671.1
-606250
-528977
-442793
-765496
726432
686209
479781
141942
842158
235328
913388
-710196
978454
309061
-423933
-346355
-180761
-975219
609058
330668
511521
626087
-772027
834712
29999.7
639027
503769
5096.59
701590
548509
-415815
590564
702933
-443770
670095
-428144
-657277
-16815.7
-942747
-714896
-58137.8
-120701
-442183
-591845
123814
-597461
-387249
873287
327433
530320
408185
-232643
355144
664968
308329
283792
768609
-303507
-82674.6
786859
944761
-914914
-917478
52217.2
604236
525193
-848811
-254189
625233
754387
794366
203406
-45320
69246.5
708975
-426801
430158
-889096
-488144
-615345
323588
-517685
137364
605396
420820
760308
-948607
-751518
-551195
-535691
-405377
-406049
662526
545457
-233253
85177.2
404767
956542
-235206
-36225.5
451277
-132664
-411969
-294229
953368
-913083
21454.5
-679556
-209510
254982
-689138
-424909
-854122
365703
842036
208350
-882748
185949
135533
194067
-825373
-869625
471664
118381
-720756
-843440
-544359
-267067
-525864
-758721
-162511
745842
-239113
-997742
897824
-86031.7
-927000
-973510
-287393
498093
-839656
468062
610034
-855831
195471
-522202
130039
252602
-84322.6
-971679
-198645
898312
-887387
-304727
46906.9
364483
-718253
-42024
-469405
-648610
-755425
-416852
-741569
924497
556566
651967
-254494
261940
511582
-205115
562243
-733207
557848
195898
571825
-895810
935545
928526
171850
726920
-650258
186499
-147862
451643
491806
-28107.5
381451
649098
219398
801813
935545
609180
-789300
-1800.59
479415
-355266
-96896.3
121433
715812
-503708
-470870
-888913
-87435.5
99765
-936522
696829
-78646.2
-220130
891964
640126
-299661
-67537.5
-984313
-628285
-346355
-743156
603565
585742
98788.4
-398297
703909
352580
176611
487045
929624
315104
514389
364177
-71932.1
-471603
-44465.5
-323832
448592
507065
-331584
-217505
820490
41596.7
946226
808405
-346843
347514
11017.2
483200
-427839
-891964
134007
-970763
801996
-25238.8
384991
164159
409650
87313.5
-677236
-721427
20905.2
174902
940123
852718
-178686
-196936
-825800
173132
-344890
-673147
297098
-586779
-965819
-886410
-503464
-860591
870113
-401898
961669
-694815
740349
731803
-215979
796747
503525
389569
988586
-409162
73397
295572
5462.81
589709
166784
-968810
-104221
-807123
-164647
688162
-356182
-328837
-403546
727348
828364
402631
-27131
-391400
984985
-964843
256020
-248268
972777
-362651
-696097
391949
656850
899594
-812799
-106967
220557
-551317
-505478
79378.6
-581652
-661184
-888241
150243
82979.8
-220191
-714957
738762
198828
166967
782891
-322306
854549
473800
966979
34943.7
386578
70406.2
-413129
-19257.2
-972900
-969115
-890866
-950072
368267
990661
394574
360759
954588
-382977
-465133
-646718
317972
-243080
663076
610523
765984
-679067
547960
-677419
-763848
969604
-212867
959716
530320
-337687
409589
-286660
238868
-867733
701041
-729972
670339
-650380
-935362
479659
96408
35187.8
-270425
-519456
626514
287881
118686
844478
-976989
-612476
690298
-696890
-228736
836360
-936094
619861
715384
700613
-755486
-832453
573046
316446
-243690
777154
642018
420576
-500656
416974
10101.6
769829
-858333
-732475
582141
311136
858760
753105
-765069
-34516.4
232826
92379.5
-585131
-913511
-874447
931822
-511826
-341594
-664602
-376873
158422
-705924
-147252
707999
262551
-903195
-474837
172094
-741447
-552599
-54780.7
31342.5
-282998
-219886
373943
812555
128574
-591174
-488937
-508713
-658986
-533189
-73458.1
-551012
937498
-977660
-36469.6
12543.1
868343
-567736
927427
137669
649709
-3326.52
372112
-199744
-559008
976562
-703299
-343425
-686331
-962523
64546.6
535569
-976135
-818110
857540
-673940
601489
231056
-521897
820612
68147.8
-78707.2
311747
79012.4
597095
676077
-738701
874020
-574206
115452
467269
781182
836238
-632679
-374676
476180
513352
-758843
-285928
-198645
-405011
-671865
-54292.4
164525
-273843
88961.5
-248878
-167943
-570971
993103
613819
-320963
-897580
770806
-437300
-40620.1
962584
841060
-861507
-342692
-762749
-22064.9
-355022
983764
927549
-722282
497665
579821
446699
-510971
482833
-10284.7
452498
-231056
-260475
965636
181738
-72481.5
-723991
166906
-397992
-777154
834712
817194
692434
-230384
916257
-120273
165258
-376812
-222694
316019
942015
-397748
-787042
988098
695486
911985
-63203.8
-231971
770989
-369366
370952
417524
-201147
-877865
-340617
798578
-689016
436384
715934
979553
-326395
-239357
119724
797845
-350993
984863
671621
-557970
-100986
441145
-577746
616382
-258461
-116550
986267
-150609
-525376
766594
953124
-489975
-421613
-110752
-790948
92989.9
-890927
-537523
-18707.8
-664174
596912
-333293
416913
-268593
-240455
759392
510483
-3387.55
-654103
795709
190710
-939146
-579821
25666.1
380596
136814
-599902
28962.1
-157811
-564684
161901
650685
619312
-912412
-476241
800409
-109714
836970
-579089
177099
-956603
62288.3
84810.9
-17609.2
-212256
696463
-461959
-315775
110935
601489
-280923
-105869
-102145
-36713.8
-452376
420331
-978149
268593
244423
-441145
-279275
426069
-783197
-314249
70589.3
-405072
-175634
-787835
370098
-717277
-665639
-34211.2
-753166
275246
382672
59663.7
-700430
961119
249855
-686941
-912473
612964
-732963
-715506
-720206
188879
662770
981079
-221778
215247
-836543
305704
-375652
314310
661367
306009
504807
-61250.6
259926
285440
-333476
876156
-987976
840693
-945189
-915403
660878
887326
486190
424177
698172
-263649
-330668
-156041
-949156
283853
885983
589648
709281
376263
-855708
992920
-390973
414472
-382061
-594897
79928
257973
-817927
838374
-827143
-506821
-139744
-124607
178991
126499
993286
-587268
652333
-233436
-56306.6
-202734
-751274
356792
147862
-79989
694082
521409
328043
830134
-806452
587024
-322794
-569811
-404767
342631
829035
816401
619556
600757
-574694
825373
-532151
621082
94332.7
-648671
122898
460494
-349467
-5462.81
652516
311197
-669240
604175
-170263
-110202
877132
279092
382672
-60884.4
280435
-612598
-815424
906674
-3387.55
168249
-301187
860347
-552599
478072
989624
-294107
619739
244118
612232
-232765
574267
-812677
-306192
-207739
-322428
-622791
-480819
447554
-631397
-818659
-68025.8
363140
273537
171728
865230
791437
479965
-448958
-686453
-58809.2
784600
-339396
-941221
-950072
725700
-867061
-537828
-742546
212989
-748650
635731
-657643
568163
79134.5
-695669
-615833
-212317
-79195.5
672964
414289
-158971
677786
608570
-882870
816218
660878
-547227
-354839
-274148
-576952
-225562
-390912
785821
173498
-623035
306619
978698
336222
-128208
252174
-284646
-183691
130650
69612.7
406537
-464949
929624
-189184
756829
-202368
96530
762749
-405988
-945250
475326
804682
-953490
621998
18829.9
-620228
-119968
-81942.2
323466
-858760
807428
-214576
917417
337809
-416120
455550
-384747
998962
699698
-279336
251808
984558
-517502
-124119
107150
959471
-576769
992492
335490
356609
536485
-913694
-289651
-608936
-431379
743156
999451
-812922
-133274
763054
279580
-918760
-281045
387555
506821
-836543
981323
671010
-347880
-880612
801202
558702
716544
-564684
251686
234901
-62837.6
29755.5
687979
-697256
497604
372295
-360576
358928
54536.6
154149
-951048
-475265
-606861
571642
-327250
497543
524094
-715079
452620
-316507
-465743
-883724
673269
975402
504379
-452315
-282449
-262856
-195532
-917295
232032
557909
-917905
-466048
-485763
338420
253395
298441
936644
-728568
811029
-315775
216529
-720145
760979
-649892
347575
473678
-499252
920835
3082.37
-810663
-48432.9
841182
-775262
173864
256447
530320
-790887
475265
358074
-100253
4120
-396771
-232826
-703299
928098
-478378
-164281
-63631.1
-475753
-964782
845515
-115818
-137242
133885
-773553
-347942
2838.22
855953
-783929
469832
-572680
233741
272805
-704398
263222
-115940
555406
-373638
-901364
-195288
-218055
172033
-788934
941710
-220008
455306
17792.3
87435.5
40009.8
-600146
-439009
-325663
586230
-30671.1
841853
24872.6
-524400
-80721.5
-187109
621387
-761162
-274575
-154820
-42207.1
-425398
-250282
478622
536180
610584
-292459
-728751
569872
43549.9
497848
558519
956542
470565
-540574
-65767.4
-916929
224158
-884823
268166
25116.7
23896
467513
70040
703299
757073
906308
14618.4
-440474
700430
-206458
438581
-684927
-503830
-214026
-376690
-627186
-805963
957823
-325114
-572680
-327433
-212317
-185644
843623
751579
71260.7
-109226
-631458
308512
-178869
-70772.4
-263466
711783
-781060
526597
-267861
881771
-320170
-92684.7
272561
294595
-907285
452315
-928282
239174
-700674
512375
449324
640248
873714
319681
846431
-238746
-735160
-190710
611194
-902036
-634571
-836604
-383892
776177
568896
-109409
-730033
-234474
-623402
-747246
486923
223182
-380596
-147252
174902
277749
-646168
-806635
-193640
567736
497482
-976867
633229
846187
264443
-721610
-891232
-35493
464888
436384
-919980
-452437
-270669
-909604
310648
672353
722282
560778
-100620
-136570
-594226
-647206
155553
-282510
416913
-724784
-506333
468795
-379620
31464.6
-89877
-191504
-99765
95614.5
-395306
-728751
-748527
686331
308817
499557
-764153
651112
-116428
-299661
862545
-927366
-250526
-395001
-42451.2
-588916
-288858
-753838
-915708
-6927.7
-261391
863216
76693
661733
-731620
248939
248329
398785
-413434
-149327
340251
-267861
-143529
937498
-730949
741203
353130
146153
-261391
471541
-532517
718863
-222755
573595
42573.3
-255409
263527
975219
-395734
-282998
-497482
402570
49043.2
-278726
915647
-438643
-648915
562120
906064
-210242
851924
-854122
962462
997803
693777
429365
-936399
-296793
961058
246620
446211
978332
-909909
-671743
798273
-881039
-887814
-176000
-58565
849239
-709891
641713
-936827
-127110
-287698
915342
-436811
586047
406354
-85360.3
574633
-238258
-465438
708426
-775567
19928.6
234169
-106174
694327
-104770
-335795
705741
144200
314493
822321
-183813
-437300
297342
693289
-861324
-395001
-308084
-707389
948363
-518235
-242103
-833613
-368694
961241
-589953
-88778.3
375469
-452620
-65828.4
-724174
114719
896237
-11444.4
-592090
-959655
-467391
-297586
-193091
-9247.11
-69185.5
-314432
-452803
32685.3
-979675
-240516
333171
-453536
180639
-775506
948302
-872250
-214026
-525803
661916
-382183
364116
770257
155248
-424238
-569628
-10651
-470687
-495956
60335.1
